0, a, 122
0, a, 296
0, a, 385
0, a, 421
0, b, 2
0, b, 224
0, b, 359
0, b, 441
2, a, 3
2, a, 56
2, b, 28
2, b, 90
3, a, 4
3, b, 16
4, a, 6
4, a, 12
4, b, 5
5, , 7
6, , 7
7, a, 9
7, b, 8
8, , 10
9, , 10
10, a, 11
11, , 15
12, b, 13
13, b, 14
14, , 15
15, , 27
16, a, 23
16, b, 17
17, a, 20
17, b, 18
18, b, 19
19, , 22
20, b, 21
21, , 22
22, , 26
23, b, 24
24, b, 25
25, , 26
26, , 27
27, , 54
28, a, 29
28, a, 40
28, b, 32
28, b, 34
28, b, 43
29, a, 30
30, a, 31
31, , 38
32, a, 33
33, , 36
34, b, 35
35, , 36
36, b, 37
37, , 38
38, a, 39
39, , 53
40, a, 41
41, b, 42
42, , 51
43, a, 44
43, b, 48
44, a, 46
44, b, 45
45, , 47
46, , 47
47, , 50
48, a, 49
49, , 50
50, , 51
51, b, 52
52, , 53
53, , 54
54, a, 55
55, , 121
56, a, 73
56, b, 57
57, a, 58
57, a, 68
57, b, 62
57, b, 66
58, a, 60
58, b, 59
59, , 61
60, , 61
61, , 64
62, a, 63
63, , 64
64, b, 65
65, , 72
66, b, 67
67, , 70
68, b, 69
69, , 70
70, a, 71
71, , 72
72, , 89
73, a, 74
73, a, 82
73, a, 84
73, b, 78
74, a, 76
74, b, 75
75, , 77
76, , 77
77, , 80
78, b, 79
79, , 80
80, a, 81
81, , 88
82, b, 83
83, , 86
84, a, 85
85, , 86
86, b, 87
87, , 88
88, , 89
89, , 119
90, a, 91
90, b, 102
91, a, 98
91, b, 92
92, a, 93
92, a, 95
93, b, 94
94, , 97
95, a, 96
96, , 97
97, , 101
98, b, 99
99, a, 100
100, , 101
101, , 118
102, a, 111
102, b, 103
103, a, 104
103, b, 108
104, a, 106
104, b, 105
105, , 107
106, , 107
107, , 110
108, b, 109
109, , 110
110, , 117
111, b, 112
111, b, 114
112, a, 113
113, , 116
114, b, 115
115, , 116
116, , 117
117, , 118
118, , 119
119, b, 120
120, , 121
121, , 222
122, a, 176
122, b, 123
123, a, 124
123, a, 139
123, a, 148
123, a, 152
123, a, 157
123, a, 167
123, b, 128
123, b, 133
123, b, 146
123, b, 161
123, b, 165
124, a, 126
124, b, 125
125, , 127
126, , 127
127, , 130
128, a, 129
129, , 130
130, a, 131
131, a, 132
132, , 144
133, a, 136
133, b, 134
134, b, 135
135, , 138
136, a, 137
137, , 138
138, , 142
139, a, 140
140, b, 141
141, , 142
142, b, 143
143, , 144
144, a, 145
145, , 175
146, b, 147
147, , 150
148, a, 149
149, , 150
150, a, 151
151, , 155
152, a, 153
153, b, 154
154, , 155
155, a, 156
156, , 173
157, a, 159
157, b, 158
158, , 160
159, , 160
160, , 163
161, a, 162
162, , 163
163, b, 164
164, , 171
165, a, 166
166, , 169
167, b, 168
168, , 169
169, a, 170
170, , 171
171, b, 172
172, , 173
173, b, 174
174, , 175
175, , 221
176, a, 177
176, a, 194
176, b, 181
176, b, 205
177, b, 178
178, a, 179
179, a, 180
180, , 192
181, a, 184
181, a, 188
181, b, 182
182, b, 183
183, , 186
184, a, 185
185, , 186
186, a, 187
187, , 191
188, a, 189
189, b, 190
190, , 191
191, , 192
192, b, 193
193, , 220
194, a, 195
194, b, 201
195, a, 198
195, b, 196
196, b, 197
197, , 200
198, b, 199
199, , 200
200, , 204
201, a, 202
202, b, 203
203, , 204
204, , 218
205, a, 206
205, a, 214
205, b, 210
206, a, 208
206, b, 207
207, , 209
208, , 209
209, , 212
210, a, 211
211, , 212
212, b, 213
213, , 217
214, b, 215
215, a, 216
216, , 217
217, , 218
218, a, 219
219, , 220
220, , 221
221, , 222
222, b, 223
223, , 480
224, a, 225
224, b, 259
225, a, 232
225, a, 245
225, b, 226
225, b, 242
225, b, 244
225, b, 250
225, b, 252
226, b, 227
226, b, 229
227, a, 228
228, , 231
229, b, 230
230, , 231
231, , 240
232, a, 236
232, b, 233
232, b, 235
233, a, 234
234, , 239
235, , 237
236, , 237
237, b, 238
238, , 239
239, , 240
240, b, 241
241, , 258
242, a, 243
243, , 248
244, , 246
245, , 246
246, b, 247
247, , 248
248, a, 249
249, , 256
250, a, 251
251, , 254
252, b, 253
253, , 254
254, b, 255
255, , 256
256, a, 257
257, , 258
258, , 295
259, a, 260
259, b, 278
260, a, 264
260, a, 269
260, b, 261
260, b, 263
260, b, 273
261, b, 262
262, , 267
263, , 265
264, , 265
265, a, 266
266, , 267
267, a, 268
268, , 277
269, a, 271
269, b, 270
270, , 272
271, , 272
272, , 275
273, a, 274
274, , 275
275, b, 276
276, , 277
277, , 294
278, a, 279
278, b, 283
278, b, 287
278, b, 289
279, a, 281
279, b, 280
280, , 282
281, , 282
282, , 285
283, a, 284
284, , 285
285, b, 286
286, , 293
287, a, 288
288, , 291
289, b, 290
290, , 291
291, a, 292
292, , 293
293, , 294
294, , 295
295, , 357
296, a, 297
296, b, 324
297, a, 298
297, a, 314
297, b, 304
297, b, 312
297, b, 318
298, b, 299
298, b, 301
299, a, 300
300, , 303
301, b, 302
302, , 303
303, , 310
304, a, 307
304, b, 305
305, a, 306
306, , 309
307, b, 308
308, , 309
309, , 310
310, b, 311
311, , 323
312, b, 313
313, , 316
314, a, 315
315, , 316
316, a, 317
317, , 321
318, b, 319
319, b, 320
320, , 321
321, a, 322
322, , 323
323, , 356
324, a, 327
324, a, 333
324, a, 342
324, a, 349
324, b, 325
324, b, 331
324, b, 339
324, b, 341
324, b, 347
325, b, 326
326, , 329
327, b, 328
328, , 329
329, b, 330
330, , 337
331, b, 332
332, , 335
333, a, 334
334, , 335
335, a, 336
336, , 337
337, b, 338
338, , 355
339, b, 340
340, , 345
341, , 343
342, , 343
343, a, 344
344, , 345
345, a, 346
346, , 353
347, b, 348
348, , 351
349, a, 350
350, , 351
351, b, 352
352, , 353
353, a, 354
354, , 355
355, , 356
356, , 357
357, b, 358
358, , 478
359, a, 360
359, b, 373
360, a, 364
360, b, 361
361, b, 362
362, b, 363
363, , 372
364, a, 368
364, b, 365
364, b, 367
365, a, 366
366, , 371
367, , 369
368, , 369
369, b, 370
370, , 371
371, , 372
372, , 384
373, a, 376
373, b, 374
373, b, 380
374, b, 375
375, , 378
376, a, 377
377, , 378
378, b, 379
379, , 383
380, b, 381
381, a, 382
382, , 383
383, , 384
384, , 419
385, a, 386
385, a, 402
385, a, 404
385, a, 408
385, b, 392
385, b, 412
386, a, 389
386, b, 387
387, b, 388
388, , 391
389, b, 390
390, , 391
391, , 400
392, a, 396
392, b, 393
392, b, 395
393, a, 394
394, , 399
395, , 397
396, , 397
397, b, 398
398, , 399
399, , 400
400, b, 401
401, , 418
402, b, 403
403, , 406
404, a, 405
405, , 406
406, b, 407
407, , 416
408, a, 410
408, b, 409
409, , 411
410, , 411
411, , 414
412, a, 413
413, , 414
414, a, 415
415, , 416
416, a, 417
417, , 418
418, , 419
419, a, 420
420, , 476
421, a, 422
421, a, 424
421, a, 430
421, a, 436
421, b, 428
422, b, 423
423, , 426
424, a, 425
425, , 426
426, b, 427
427, , 434
428, b, 429
429, , 432
430, b, 431
431, , 432
432, a, 433
433, , 434
434, b, 435
435, , 440
436, a, 437
437, a, 438
438, a, 439
439, , 440
440, , 474
441, a, 445
441, a, 458
441, a, 460
441, a, 465
441, b, 442
441, b, 444
441, b, 450
441, b, 452
441, b, 464
442, a, 443
443, , 448
444, , 446
445, , 446
446, b, 447
447, , 448
448, a, 449
449, , 456
450, a, 451
451, , 454
452, b, 453
453, , 454
454, b, 455
455, , 456
456, a, 457
457, , 473
458, b, 459
459, , 462
460, a, 461
461, , 462
462, b, 463
463, , 471
464, , 466
465, , 466
466, a, 468
466, b, 467
467, , 469
468, , 469
469, a, 470
470, , 471
471, b, 472
472, , 473
473, , 474
474, b, 475
475, , 476
476, a, 477
477, , 478
478, a, 479
479, , 480
480, a, 601
480, a, 775
480, a, 864
480, a, 900
480, b, 481
480, b, 703
480, b, 838
480, b, 920
481, a, 482
481, a, 535
481, b, 507
481, b, 569
482, a, 483
482, b, 495
483, a, 485
483, a, 491
483, b, 484
484, , 486
485, , 486
486, a, 488
486, b, 487
487, , 489
488, , 489
489, a, 490
490, , 494
491, b, 492
492, b, 493
493, , 494
494, , 506
495, a, 502
495, b, 496
496, a, 499
496, b, 497
497, b, 498
498, , 501
499, b, 500
500, , 501
501, , 505
502, b, 503
503, b, 504
504, , 505
505, , 506
506, , 533
507, a, 508
507, a, 519
507, b, 511
507, b, 513
507, b, 522
508, a, 509
509, a, 510
510, , 517
511, a, 512
512, , 515
513, b, 514
514, , 515
515, b, 516
516, , 517
517, a, 518
518, , 532
519, a, 520
520, b, 521
521, , 530
522, a, 523
522, b, 527
523, a, 525
523, b, 524
524, , 526
525, , 526
526, , 529
527, a, 528
528, , 529
529, , 530
530, b, 531
531, , 532
532, , 533
533, a, 534
534, , 600
535, a, 552
535, b, 536
536, a, 537
536, a, 547
536, b, 541
536, b, 545
537, a, 539
537, b, 538
538, , 540
539, , 540
540, , 543
541, a, 542
542, , 543
543, b, 544
544, , 551
545, b, 546
546, , 549
547, b, 548
548, , 549
549, a, 550
550, , 551
551, , 568
552, a, 553
552, a, 561
552, a, 563
552, b, 557
553, a, 555
553, b, 554
554, , 556
555, , 556
556, , 559
557, b, 558
558, , 559
559, a, 560
560, , 567
561, b, 562
562, , 565
563, a, 564
564, , 565
565, b, 566
566, , 567
567, , 568
568, , 598
569, a, 570
569, b, 581
570, a, 577
570, b, 571
571, a, 572
571, a, 574
572, b, 573
573, , 576
574, a, 575
575, , 576
576, , 580
577, b, 578
578, a, 579
579, , 580
580, , 597
581, a, 590
581, b, 582
582, a, 583
582, b, 587
583, a, 585
583, b, 584
584, , 586
585, , 586
586, , 589
587, b, 588
588, , 589
589, , 596
590, b, 591
590, b, 593
591, a, 592
592, , 595
593, b, 594
594, , 595
595, , 596
596, , 597
597, , 598
598, b, 599
599, , 600
600, , 701
601, a, 655
601, b, 602
602, a, 603
602, a, 618
602, a, 627
602, a, 631
602, a, 636
602, a, 646
602, b, 607
602, b, 612
602, b, 625
602, b, 640
602, b, 644
603, a, 605
603, b, 604
604, , 606
605, , 606
606, , 609
607, a, 608
608, , 609
609, a, 610
610, a, 611
611, , 623
612, a, 615
612, b, 613
613, b, 614
614, , 617
615, a, 616
616, , 617
617, , 621
618, a, 619
619, b, 620
620, , 621
621, b, 622
622, , 623
623, a, 624
624, , 654
625, b, 626
626, , 629
627, a, 628
628, , 629
629, a, 630
630, , 634
631, a, 632
632, b, 633
633, , 634
634, a, 635
635, , 652
636, a, 638
636, b, 637
637, , 639
638, , 639
639, , 642
640, a, 641
641, , 642
642, b, 643
643, , 650
644, a, 645
645, , 648
646, b, 647
647, , 648
648, a, 649
649, , 650
650, b, 651
651, , 652
652, b, 653
653, , 654
654, , 700
655, a, 656
655, a, 673
655, b, 660
655, b, 684
656, b, 657
657, a, 658
658, a, 659
659, , 671
660, a, 663
660, a, 667
660, b, 661
661, b, 662
662, , 665
663, a, 664
664, , 665
665, a, 666
666, , 670
667, a, 668
668, b, 669
669, , 670
670, , 671
671, b, 672
672, , 699
673, a, 674
673, b, 680
674, a, 677
674, b, 675
675, b, 676
676, , 679
677, b, 678
678, , 679
679, , 683
680, a, 681
681, b, 682
682, , 683
683, , 697
684, a, 685
684, a, 693
684, b, 689
685, a, 687
685, b, 686
686, , 688
687, , 688
688, , 691
689, a, 690
690, , 691
691, b, 692
692, , 696
693, b, 694
694, a, 695
695, , 696
696, , 697
697, a, 698
698, , 699
699, , 700
700, , 701
701, b, 702
702, , 959
703, a, 704
703, b, 738
704, a, 711
704, a, 724
704, b, 705
704, b, 721
704, b, 723
704, b, 729
704, b, 731
705, b, 706
705, b, 708
706, a, 707
707, , 710
708, b, 709
709, , 710
710, , 719
711, a, 715
711, b, 712
711, b, 714
712, a, 713
713, , 718
714, , 716
715, , 716
716, b, 717
717, , 718
718, , 719
719, b, 720
720, , 737
721, a, 722
722, , 727
723, , 725
724, , 725
725, b, 726
726, , 727
727, a, 728
728, , 735
729, a, 730
730, , 733
731, b, 732
732, , 733
733, b, 734
734, , 735
735, a, 736
736, , 737
737, , 774
738, a, 739
738, b, 757
739, a, 743
739, a, 748
739, b, 740
739, b, 742
739, b, 752
740, b, 741
741, , 746
742, , 744
743, , 744
744, a, 745
745, , 746
746, a, 747
747, , 756
748, a, 750
748, b, 749
749, , 751
750, , 751
751, , 754
752, a, 753
753, , 754
754, b, 755
755, , 756
756, , 773
757, a, 758
757, b, 762
757, b, 766
757, b, 768
758, a, 760
758, b, 759
759, , 761
760, , 761
761, , 764
762, a, 763
763, , 764
764, b, 765
765, , 772
766, a, 767
767, , 770
768, b, 769
769, , 770
770, a, 771
771, , 772
772, , 773
773, , 774
774, , 836
775, a, 776
775, b, 803
776, a, 777
776, a, 793
776, b, 783
776, b, 791
776, b, 797
777, b, 778
777, b, 780
778, a, 779
779, , 782
780, b, 781
781, , 782
782, , 789
783, a, 786
783, b, 784
784, a, 785
785, , 788
786, b, 787
787, , 788
788, , 789
789, b, 790
790, , 802
791, b, 792
792, , 795
793, a, 794
794, , 795
795, a, 796
796, , 800
797, b, 798
798, b, 799
799, , 800
800, a, 801
801, , 802
802, , 835
803, a, 806
803, a, 812
803, a, 821
803, a, 828
803, b, 804
803, b, 810
803, b, 818
803, b, 820
803, b, 826
804, b, 805
805, , 808
806, b, 807
807, , 808
808, b, 809
809, , 816
810, b, 811
811, , 814
812, a, 813
813, , 814
814, a, 815
815, , 816
816, b, 817
817, , 834
818, b, 819
819, , 824
820, , 822
821, , 822
822, a, 823
823, , 824
824, a, 825
825, , 832
826, b, 827
827, , 830
828, a, 829
829, , 830
830, b, 831
831, , 832
832, a, 833
833, , 834
834, , 835
835, , 836
836, b, 837
837, , 957
838, a, 839
838, b, 852
839, a, 843
839, b, 840
840, b, 841
841, b, 842
842, , 851
843, a, 847
843, b, 844
843, b, 846
844, a, 845
845, , 850
846, , 848
847, , 848
848, b, 849
849, , 850
850, , 851
851, , 863
852, a, 855
852, b, 853
852, b, 859
853, b, 854
854, , 857
855, a, 856
856, , 857
857, b, 858
858, , 862
859, b, 860
860, a, 861
861, , 862
862, , 863
863, , 898
864, a, 865
864, a, 881
864, a, 883
864, a, 887
864, b, 871
864, b, 891
865, a, 868
865, b, 866
866, b, 867
867, , 870
868, b, 869
869, , 870
870, , 879
871, a, 875
871, b, 872
871, b, 874
872, a, 873
873, , 878
874, , 876
875, , 876
876, b, 877
877, , 878
878, , 879
879, b, 880
880, , 897
881, b, 882
882, , 885
883, a, 884
884, , 885
885, b, 886
886, , 895
887, a, 889
887, b, 888
888, , 890
889, , 890
890, , 893
891, a, 892
892, , 893
893, a, 894
894, , 895
895, a, 896
896, , 897
897, , 898
898, a, 899
899, , 955
900, a, 901
900, a, 903
900, a, 909
900, a, 915
900, b, 907
901, b, 902
902, , 905
903, a, 904
904, , 905
905, b, 906
906, , 913
907, b, 908
908, , 911
909, b, 910
910, , 911
911, a, 912
912, , 913
913, b, 914
914, , 919
915, a, 916
916, a, 917
917, a, 918
918, , 919
919, , 953
920, a, 924
920, a, 937
920, a, 939
920, a, 944
920, b, 921
920, b, 923
920, b, 929
920, b, 931
920, b, 943
921, a, 922
922, , 927
923, , 925
924, , 925
925, b, 926
926, , 927
927, a, 928
928, , 935
929, a, 930
930, , 933
931, b, 932
932, , 933
933, b, 934
934, , 935
935, a, 936
936, , 952
937, b, 938
938, , 941
939, a, 940
940, , 941
941, b, 942
942, , 950
943, , 945
944, , 945
945, a, 947
945, b, 946
946, , 948
947, , 948
948, a, 949
949, , 950
950, b, 951
951, , 952
952, , 953
953, b, 954
954, , 955
955, a, 956
956, , 957
957, a, 958
958, , 959
959, a, 960
959, a, 1084
959, a, 1207
959, a, 1236
959, a, 1241
959, a, 1270
959, a, 1289
959, a, 1321
959, a, 1326
959, a, 1328
959, a, 1335
959, a, 1346
959, a, 1353
959, a, 1386
959, b, 1023
959, b, 1150
959, b, 1216
959, b, 1229
959, b, 1247
959, b, 1259
959, b, 1302
959, b, 1315
959, b, 1339
959, b, 1343
959, b, 1345
959, b, 1357
959, b, 1366
960, a, 961
960, b, 988
961, a, 962
961, b, 974
962, a, 964
962, b, 963
962, b, 970
963, , 965
964, , 965
965, a, 967
965, b, 966
966, , 968
967, , 968
968, a, 969
969, , 973
970, b, 971
971, b, 972
972, , 973
973, , 987
974, a, 978
974, b, 975
974, b, 977
974, b, 983
975, b, 976
976, , 981
977, , 979
978, , 979
979, a, 980
980, , 981
981, a, 982
982, , 986
983, b, 984
984, b, 985
985, , 986
986, , 987
987, , 1022
988, a, 989
988, a, 1011
988, b, 995
988, b, 1005
989, a, 992
989, b, 990
990, b, 991
991, , 994
992, b, 993
993, , 994
994, , 1003
995, a, 999
995, b, 996
995, b, 998
996, a, 997
997, , 1002
998, , 1000
999, , 1000
1000, b, 1001
1001, , 1002
1002, , 1003
1003, a, 1004
1004, , 1021
1005, a, 1008
1005, b, 1006
1006, a, 1007
1007, , 1010
1008, b, 1009
1009, , 1010
1010, , 1019
1011, a, 1015
1011, b, 1012
1011, b, 1014
1012, b, 1013
1013, , 1018
1014, , 1016
1015, , 1016
1016, a, 1017
1017, , 1018
1018, , 1019
1019, b, 1020
1020, , 1021
1021, , 1022
1022, , 1082
1023, a, 1024
1023, b, 1049
1024, a, 1037
1024, b, 1025
1025, a, 1027
1025, a, 1033
1025, b, 1026
1026, , 1028
1027, , 1028
1028, a, 1030
1028, b, 1029
1029, , 1031
1030, , 1031
1031, a, 1032
1032, , 1036
1033, a, 1034
1034, b, 1035
1035, , 1036
1036, , 1048
1037, a, 1044
1037, b, 1038
1038, a, 1041
1038, b, 1039
1039, b, 1040
1040, , 1043
1041, b, 1042
1042, , 1043
1043, , 1047
1044, a, 1045
1045, b, 1046
1046, , 1047
1047, , 1048
1048, , 1081
1049, a, 1053
1049, a, 1058
1049, a, 1060
1049, a, 1066
1049, a, 1068
1049, a, 1074
1049, b, 1050
1049, b, 1052
1049, b, 1072
1050, a, 1051
1051, , 1056
1052, , 1054
1053, , 1054
1054, b, 1055
1055, , 1056
1056, a, 1057
1057, , 1064
1058, b, 1059
1059, , 1062
1060, a, 1061
1061, , 1062
1062, b, 1063
1063, , 1064
1064, a, 1065
1065, , 1080
1066, b, 1067
1067, , 1070
1068, a, 1069
1069, , 1070
1070, a, 1071
1071, , 1078
1072, b, 1073
1073, , 1076
1074, b, 1075
1075, , 1076
1076, b, 1077
1077, , 1078
1078, b, 1079
1079, , 1080
1080, , 1081
1081, , 1082
1082, a, 1083
1083, , 1205
1084, a, 1114
1084, b, 1085
1085, a, 1094
1085, a, 1104
1085, b, 1086
1085, b, 1102
1085, b, 1108
1086, a, 1087
1086, b, 1091
1087, a, 1089
1087, b, 1088
1088, , 1090
1089, , 1090
1090, , 1093
1091, b, 1092
1092, , 1093
1093, , 1100
1094, b, 1095
1094, b, 1097
1095, a, 1096
1096, , 1099
1097, b, 1098
1098, , 1099
1099, , 1100
1100, a, 1101
1101, , 1113
1102, b, 1103
1103, , 1106
1104, a, 1105
1105, , 1106
1106, a, 1107
1107, , 1111
1108, b, 1109
1109, b, 1110
1110, , 1111
1111, b, 1112
1112, , 1113
1113, , 1149
1114, a, 1131
1114, b, 1115
1115, a, 1124
1115, b, 1116
1116, a, 1117
1116, b, 1121
1117, a, 1119
1117, b, 1118
1118, , 1120
1119, , 1120
1120, , 1123
1121, b, 1122
1122, , 1123
1123, , 1130
1124, b, 1125
1124, b, 1127
1125, a, 1126
1126, , 1129
1127, b, 1128
1128, , 1129
1129, , 1130
1130, , 1148
1131, a, 1133
1131, a, 1139
1131, b, 1132
1131, b, 1143
1132, , 1134
1133, , 1134
1134, a, 1136
1134, b, 1135
1135, , 1137
1136, , 1137
1137, b, 1138
1138, , 1147
1139, a, 1141
1139, b, 1140
1140, , 1142
1141, , 1142
1142, , 1145
1143, b, 1144
1144, , 1145
1145, a, 1146
1146, , 1147
1147, , 1148
1148, , 1149
1149, , 1203
1150, a, 1151
1150, b, 1173
1151, a, 1152
1151, a, 1166
1151, b, 1158
1151, b, 1163
1151, b, 1165
1152, b, 1153
1152, b, 1155
1153, a, 1154
1154, , 1157
1155, b, 1156
1156, , 1157
1157, , 1161
1158, b, 1159
1159, b, 1160
1160, , 1161
1161, b, 1162
1162, , 1172
1163, a, 1164
1164, , 1169
1165, , 1167
1166, , 1167
1167, b, 1168
1168, , 1169
1169, a, 1170
1170, a, 1171
1171, , 1172
1172, , 1202
1173, a, 1185
1173, b, 1174
1174, a, 1177
1174, a, 1181
1174, b, 1175
1175, b, 1176
1176, , 1179
1177, a, 1178
1178, , 1179
1179, a, 1180
1180, , 1184
1181, a, 1182
1182, b, 1183
1183, , 1184
1184, , 1201
1185, a, 1192
1185, b, 1186
1186, b, 1187
1186, b, 1189
1187, a, 1188
1188, , 1191
1189, b, 1190
1190, , 1191
1191, , 1200
1192, a, 1193
1192, b, 1197
1193, a, 1195
1193, b, 1194
1194, , 1196
1195, , 1196
1196, , 1199
1197, b, 1198
1198, , 1199
1199, , 1200
1200, , 1201
1201, , 1202
1202, , 1203
1203, b, 1204
1204, , 1205
1205, b, 1206
1206, , 1422
1207, a, 1208
1207, b, 1212
1208, a, 1210
1208, b, 1209
1209, , 1211
1210, , 1211
1211, , 1214
1212, a, 1213
1213, , 1214
1214, a, 1215
1215, , 1227
1216, a, 1217
1216, b, 1220
1217, b, 1218
1218, a, 1219
1219, , 1226
1220, a, 1223
1220, b, 1221
1221, a, 1222
1222, , 1225
1223, b, 1224
1224, , 1225
1225, , 1226
1226, , 1227
1227, b, 1228
1228, , 1257
1229, a, 1231
1229, b, 1230
1230, , 1232
1231, , 1232
1232, a, 1234
1232, b, 1233
1233, , 1235
1234, , 1235
1235, , 1239
1236, b, 1237
1237, b, 1238
1238, , 1239
1239, a, 1240
1240, , 1255
1241, b, 1242
1241, b, 1244
1242, a, 1243
1243, , 1246
1244, b, 1245
1245, , 1246
1246, , 1253
1247, a, 1250
1247, b, 1248
1248, a, 1249
1249, , 1252
1250, b, 1251
1251, , 1252
1252, , 1253
1253, b, 1254
1254, , 1255
1255, a, 1256
1256, , 1257
1257, a, 1258
1258, , 1313
1259, a, 1260
1259, a, 1263
1259, a, 1265
1260, a, 1261
1261, a, 1262
1262, , 1269
1263, b, 1264
1264, , 1267
1265, a, 1266
1266, , 1267
1267, b, 1268
1268, , 1269
1269, , 1287
1270, a, 1278
1270, b, 1271
1271, a, 1273
1271, b, 1272
1272, , 1274
1273, , 1274
1274, a, 1276
1274, b, 1275
1275, , 1277
1276, , 1277
1277, , 1286
1278, a, 1282
1278, b, 1279
1278, b, 1281
1279, a, 1280
1280, , 1285
1281, , 1283
1282, , 1283
1283, b, 1284
1284, , 1285
1285, , 1286
1286, , 1287
1287, a, 1288
1288, , 1311
1289, a, 1298
1289, b, 1290
1290, a, 1291
1290, b, 1295
1291, a, 1293
1291, b, 1292
1292, , 1294
1293, , 1294
1294, , 1297
1295, b, 1296
1296, , 1297
1297, , 1301
1298, a, 1299
1299, a, 1300
1300, , 1301
1301, , 1309
1302, b, 1303
1303, a, 1306
1303, b, 1304
1304, b, 1305
1305, , 1308
1306, b, 1307
1307, , 1308
1308, , 1309
1309, b, 1310
1310, , 1311
1311, b, 1312
1312, , 1313
1313, a, 1314
1314, , 1420
1315, a, 1318
1315, b, 1316
1316, b, 1317
1317, , 1320
1318, a, 1319
1319, , 1320
1320, , 1324
1321, a, 1322
1322, b, 1323
1323, , 1324
1324, a, 1325
1325, , 1333
1326, b, 1327
1327, , 1330
1328, a, 1329
1329, , 1330
1330, a, 1331
1331, b, 1332
1332, , 1333
1333, a, 1334
1334, , 1364
1335, a, 1337
1335, b, 1336
1336, , 1338
1337, , 1338
1338, , 1341
1339, b, 1340
1340, , 1341
1341, b, 1342
1342, , 1351
1343, b, 1344
1344, , 1349
1345, , 1347
1346, , 1347
1347, a, 1348
1348, , 1349
1349, a, 1350
1350, , 1351
1351, a, 1352
1352, , 1362
1353, a, 1355
1353, b, 1354
1354, , 1356
1355, , 1356
1356, , 1359
1357, a, 1358
1358, , 1359
1359, a, 1360
1360, b, 1361
1361, , 1362
1362, b, 1363
1363, , 1364
1364, a, 1365
1365, , 1418
1366, a, 1367
1366, a, 1378
1366, a, 1380
1366, b, 1370
1366, b, 1372
1367, b, 1368
1368, a, 1369
1369, , 1376
1370, a, 1371
1371, , 1374
1372, b, 1373
1373, , 1374
1374, b, 1375
1375, , 1376
1376, b, 1377
1377, , 1385
1378, b, 1379
1379, , 1382
1380, a, 1381
1381, , 1382
1382, a, 1383
1383, a, 1384
1384, , 1385
1385, , 1416
1386, a, 1401
1386, b, 1387
1387, a, 1394
1387, b, 1388
1388, a, 1389
1388, a, 1391
1389, b, 1390
1390, , 1393
1391, a, 1392
1392, , 1393
1393, , 1400
1394, a, 1397
1394, b, 1395
1395, a, 1396
1396, , 1399
1397, b, 1398
1398, , 1399
1399, , 1400
1400, , 1415
1401, a, 1408
1401, b, 1402
1402, a, 1405
1402, b, 1403
1403, b, 1404
1404, , 1407
1405, a, 1406
1406, , 1407
1407, , 1414
1408, a, 1409
1408, a, 1411
1409, b, 1410
1410, , 1413
1411, a, 1412
1412, , 1413
1413, , 1414
1414, , 1415
1415, , 1416
1416, b, 1417
1417, , 1418
1418, b, 1419
1419, , 1420
1420, a, 1421
1421, , 1422
1422, , 1
